it		info		fitness
0		[3, 0, 8, 11, 0, 2, 3, 0, 0, 12, 10, 2, 11, 5, 3, 1, 5, 7, 11, 5, 4, 6, 4, 5, 3, 3, 5, 12, 5, 3, 4]		0.2811989037150715
1		[3, 9, 8, 11, 9, 2, 3, 0, 0, 9, 10, 2, 11, 5, 3, 1, 9, 7, 11, 5, 4, 6, 4, 5, 3, 3, 5, 12, 5, 3, 4]		0.42864324094743145
2		[1, 0, 8, 11, 0, 2, 3, 0, 0, 9, 10, 2, 5, 5, 3, 1, 9, 7, 11, 5, 4, 8, 4, 5, 3, 3, 5, 12, 5, 3, 4]		0.45655302130717773
4		[1, 0, 8, 11, 6, 2, 3, 0, 0, 9, 10, 2, 5, 5, 12, 1, 9, 7, 11, 5, 4, 8, 4, 5, 3, 3, 6, 9, 5, 3, 4]		0.6262337986814742
9		[1, 1, 8, 11, 0, 2, 3, 0, 0, 9, 10, 2, 5, 5, 12, 2, 9, 7, 11, 5, 4, 8, 7, 5, 3, 3, 6, 12, 5, 3, 4]		0.6498768271063893
24		[1, 1, 8, 11, 0, 2, 3, 0, 0, 9, 10, 2, 5, 5, 12, 2, 9, 7, 11, 5, 4, 8, 7, 10, 3, 3, 6, 12, 5, 3, 4]		0.7154529181147226
33		[9, 6, 8, 11, 8, 1, 7, 0, 0, 12, 10, 2, 11, 4, 4, 1, 5, 2, 9, 6, 8, 4, 7, 5, 3, 9, 5, 12, 5, 3, 4]		0.7171137694743756
40		[9, 6, 8, 11, 8, 2, 7, 0, 0, 12, 10, 9, 11, 8, 3, 1, 5, 2, 1, 6, 4, 6, 4, 5, 3, 3, 7, 12, 5, 3, 4]		0.738581377376242
41		[1, 0, 8, 11, 7, 6, 4, 10, 7, 9, 10, 2, 11, 5, 3, 1, 5, 5, 10, 0, 4, 6, 9, 8, 3, 7, 12, 12, 5, 3, 4]		0.7416022261270995
47		[2, 10, 8, 11, 0, 2, 4, 7, 0, 12, 9, 2, 11, 5, 1, 10, 5, 7, 1, 6, 3, 6, 9, 12, 4, 3, 5, 8, 5, 3, 0]		0.7666700501161677
67		[0, 10, 8, 11, 8, 2, 4, 7, 0, 9, 10, 2, 11, 5, 4, 10, 7, 1, 11, 6, 4, 6, 9, 12, 1, 3, 5, 12, 5, 3, 0]		0.7871679615462677
71		[1, 10, 8, 11, 8, 2, 4, 7, 0, 9, 10, 2, 11, 5, 3, 10, 7, 1, 1, 6, 4, 6, 9, 12, 1, 3, 2, 12, 5, 3, 0]		0.8116075208475322
76		[1, 10, 8, 11, 8, 2, 4, 7, 0, 9, 10, 2, 11, 5, 3, 10, 7, 7, 11, 6, 4, 6, 9, 12, 1, 3, 2, 12, 5, 3, 0]		0.8119545993816932
90		[1, 9, 8, 11, 8, 2, 4, 7, 0, 9, 10, 2, 11, 5, 3, 10, 7, 7, 11, 6, 4, 6, 9, 12, 1, 6, 2, 12, 5, 3, 0]		0.8121267289724453
97		[1, 10, 8, 11, 8, 2, 4, 7, 0, 9, 10, 2, 11, 5, 3, 10, 7, 7, 11, 6, 4, 6, 9, 12, 1, 6, 2, 12, 5, 3, 0]		0.8122034801882277
103		[1, 10, 8, 11, 12, 2, 4, 7, 0, 9, 10, 2, 11, 5, 3, 1, 8, 6, 1, 6, 4, 6, 9, 12, 1, 3, 12, 7, 5, 3, 0]		0.8132526633479947
112		[1, 10, 8, 11, 12, 2, 4, 7, 0, 9, 10, 2, 11, 5, 3, 1, 8, 6, 11, 6, 4, 6, 9, 12, 1, 3, 12, 7, 5, 3, 0]		0.8138198663043215
132		[1, 10, 8, 11, 12, 2, 4, 7, 0, 9, 10, 2, 11, 5, 3, 10, 5, 7, 1, 6, 4, 6, 9, 2, 1, 3, 12, 8, 5, 3, 0]		0.8145028332154152
157		[1, 10, 8, 11, 12, 2, 4, 7, 0, 9, 10, 2, 11, 8, 3, 10, 5, 7, 1, 6, 4, 6, 9, 2, 1, 3, 12, 8, 5, 3, 0]		0.8146487691869556
269		[1, 10, 8, 11, 12, 2, 4, 7, 0, 9, 3, 0, 11, 8, 3, 10, 5, 7, 1, 6, 4, 6, 9, 2, 1, 9, 12, 8, 5, 3, 0]		0.8148829878077835
356		[1, 10, 8, 11, 12, 2, 4, 7, 0, 9, 3, 2, 11, 8, 5, 10, 5, 7, 1, 6, 4, 6, 12, 2, 1, 9, 12, 8, 5, 3, 0]		0.8150552887306133
374		[1, 10, 8, 11, 12, 2, 4, 7, 0, 9, 3, 2, 11, 8, 3, 10, 5, 7, 1, 6, 4, 6, 12, 2, 1, 9, 12, 8, 5, 3, 0]		0.8150999648392488
397		[1, 10, 8, 11, 12, 2, 4, 7, 0, 9, 3, 2, 11, 8, 3, 10, 5, 7, 1, 6, 4, 6, 3, 2, 1, 9, 12, 8, 5, 3, 0]		0.8151218710962174
403		[1, 10, 5, 11, 12, 2, 4, 7, 0, 9, 3, 2, 11, 8, 6, 10, 8, 7, 1, 6, 4, 0, 12, 2, 1, 9, 1, 8, 5, 3, 12]		0.8151406089458608
431		[1, 10, 5, 11, 12, 2, 4, 7, 0, 9, 3, 2, 11, 8, 6, 10, 8, 7, 1, 6, 4, 0, 12, 2, 1, 9, 1, 8, 5, 3, 0]		0.8152173601616431
446		[1, 10, 5, 11, 12, 2, 4, 7, 0, 9, 3, 2, 11, 8, 6, 10, 8, 7, 1, 3, 4, 6, 12, 2, 1, 9, 1, 8, 5, 3, 0]		0.815350634280334
473		[1, 10, 5, 11, 12, 2, 4, 7, 0, 9, 3, 2, 11, 8, 6, 10, 8, 7, 1, 3, 4, 6, 12, 2, 1, 9, 1, 8, 5, 7, 0]		0.8154856518666622
481		[1, 10, 5, 11, 12, 2, 4, 8, 0, 9, 3, 2, 11, 7, 6, 4, 5, 7, 10, 3, 4, 6, 12, 2, 1, 9, 1, 8, 5, 3, 0]		0.8155522186259057
517		[1, 10, 5, 11, 12, 2, 4, 8, 0, 9, 3, 2, 11, 7, 6, 4, 5, 7, 10, 3, 4, 6, 12, 2, 4, 9, 1, 8, 5, 3, 0]		0.8159037493474354
526		[1, 10, 5, 11, 12, 2, 4, 8, 6, 9, 3, 2, 11, 7, 0, 4, 5, 7, 10, 3, 4, 6, 12, 2, 1, 9, 1, 8, 5, 11, 0]		0.8161025403453505
551		[1, 10, 5, 11, 12, 2, 4, 8, 6, 9, 3, 0, 11, 7, 6, 4, 5, 7, 10, 3, 12, 6, 4, 2, 10, 9, 1, 8, 5, 11, 0]		0.8168093343726056
894		[1, 10, 5, 11, 12, 2, 4, 8, 6, 9, 3, 0, 11, 7, 6, 1, 5, 7, 10, 3, 12, 6, 4, 2, 10, 9, 1, 8, 5, 11, 0]		0.8170083273921234
1484		[1, 10, 5, 11, 12, 2, 4, 8, 6, 9, 3, 0, 11, 7, 2, 1, 5, 7, 10, 3, 12, 6, 4, 2, 10, 9, 1, 8, 5, 11, 0]		0.8171280663786629
1837		[1, 10, 5, 11, 12, 2, 4, 8, 6, 9, 3, 0, 11, 7, 8, 1, 5, 7, 10, 3, 12, 6, 4, 2, 10, 9, 1, 8, 5, 11, 0]		0.8171378216398996
2086		[1, 10, 5, 11, 12, 2, 7, 8, 6, 9, 3, 0, 11, 4, 8, 1, 5, 7, 10, 3, 12, 6, 4, 2, 10, 9, 1, 8, 5, 11, 0]		0.8172794602151737
2906		[1, 10, 5, 4, 12, 2, 7, 8, 6, 9, 3, 0, 11, 4, 8, 1, 5, 7, 10, 3, 12, 6, 4, 2, 10, 9, 1, 8, 5, 11, 0]		0.8173520533199627
4619		[1, 10, 5, 4, 12, 2, 7, 8, 6, 9, 3, 0, 11, 4, 8, 1, 5, 7, 10, 3, 12, 6, 11, 2, 10, 9, 1, 8, 5, 4, 0]		0.8173695764935529
4939		[1, 10, 5, 4, 12, 8, 7, 2, 6, 9, 3, 0, 11, 4, 8, 1, 5, 7, 10, 3, 12, 6, 11, 2, 10, 9, 1, 8, 5, 4, 0]		0.8174195030907365
10842		[1, 10, 5, 4, 12, 8, 7, 2, 6, 9, 3, 0, 11, 4, 8, 1, 5, 7, 10, 3, 12, 6, 11, 2, 0, 9, 1, 8, 5, 4, 7]		0.8175996526550255
20418		[1, 10, 5, 4, 12, 8, 7, 2, 6, 9, 3, 0, 11, 4, 8, 1, 5, 7, 10, 12, 3, 6, 11, 2, 0, 9, 1, 8, 5, 4, 7]		0.8176154262736995
20736		[1, 10, 5, 4, 7, 8, 12, 2, 6, 9, 3, 0, 11, 4, 8, 1, 5, 7, 10, 12, 3, 6, 11, 2, 0, 9, 1, 8, 5, 4, 7]		0.8176250415606884
